6637
23475
24393
8684
9494
9369
18394
13793
8932
3717
7794
29262
9243
16209
49
20495
4749
659
11559
15882
8823
8043
15573
23107
1242
12149
4903
31708
20592
7549
6989
13235
21227
14208
27871
13179
12039
22835
11302
18201
6303
23128
6709
30677
26048
28182
20770
2404
3520
14578
18639
13214
8909
5455
8863
32737
25968
17576
31429
30396
12957
8214
6001
26416
24672
31692
7887
28903
16419
28925
31667
25583
20394
21922
28800
8329
9257
608
10489
31249
8750
10789
15198
6072
21670
7754
31531
18848
4891
6423
12982
22940
15162
23505
5662
12583
183
16372
16947
2144
3159
7582
22925
25066
15563
31991
23645
1125
10499
31475
8939
29504
27881
1222
9749
4692
9957
17236
31207
26611
23827
32403
22356
31184
3857
18138
13561
17541
3782
10445
21547
15459
11887
8175
23599
32339
4206
28462
18830
19689
11241
31811
14045
22113
23717
2726
5733
7240
3654
758
8540
22026
29873
20905
21874
7551
14491
14785
6140
9270
9810
30894
22243
7132
13121
22286
8987
21576
17143
11724
26113
20461
26062
9441
13296
3093
21700
29351
23088
28913
17559
6944
20453
24899
11991
19584
32311
7368
29591
2312
29520
