6637
24393
9369
18394
8932
7794
9243
49
659
15882
8043
23107
12149
31708
7549
13235
27871
12039
11302
6303
6709
26048
20770
3520
18639
8909
32737
24646
17576
30396
8214
6001
31692
28903
28925
25583
28800
9257
21870
10489
8750
15198
21670
31531
6423
22940
23505
12583
183
16947
3159
25066
31991
1125
8939
27881
9749
9957
17236
26611
22356
3857
13561
3782
15459
8175
23599
4206
18830
19689
31811
22113
2726
7240
3654
8540
29873
21874
14491
6140
9810
22243
13121
8987
17143
20461
9441
13296
21700
23088
17559
20453
24899
11991
19584
32311
7368
29591
2312
29520
