23475
8684
9494
13793
3717
29262
16209
20495
4749
11559
31299
8823
15573
1242
18687
4903
20592
6989
21227
14208
13179
22835
18201
23128
30677
28182
2404
14578
13214
17703
5455
8863
25968
31429
12957
26416
24672
7887
22448
16419
31667
20394
21922
8329
608
31249
10789
6072
7754
18848
4891
12982
15162
5662
16372
2144
7582
22925
15563
23645
10499
31475
29504
1222
4692
31207
23827
32403
31184
18138
17541
23748
10445
21547
11887
32339
28462
11241
18975
14045
23717
5733
758
22026
20905
7551
4034
14785
9270
30894
7132
22286
21576
11724
26113
26062
3093
29351
28913
6944
