Running Learner 0; config: 239.0.0.1:8000
21122
10147
6906
13820
4457
16123
31152
12239
25027
32047
22758
24529
17828
11535
298
22559
18822
7158
25864
18340
10157
5834
8283
21884
13915
15025
8278
22026
3257
5524
16464
13784
2688
21076
26452
13873
11882
27855
29284
22400
26460
10641
30609
3431
19536
19802
11708
6303
26372
20564
1321
8850
32100
2321
15561
30394
1464
2886
68
30135
12685
13897
23240
7731
15205
12108
2708
18294
25374
17239
323
27080
17698
27911
7385
4234
30804
31240
25999
21011
7862
3155
23646
26955
21722
29480
9805
19722
11278
6091
8315
24878
6983
31230
10476
7550
4809
30785
10259
17986
7836
24524
10019
4766
17327
73
32534
23730
968
16210
27770
14195
13363
26541
5118
1608
4903
12361
17344
29284
18422
14071
32084
23014
14845
27370
5268
5298
27206
8941
28458
11021
15357
23398
12510
23035
22425
22542
24736
5193
344
27205
5318
9582
7032
21077
9219
22457
32010
5908
4824
13848
5350
24930
32685
0
29117
2402
27723
6059
18425
13246
23745
10244
9224
21253
31620
13837
7974
11436
15704
14227
27079
11543
3908
2109
21400
3020
16582
26245
18290
16627
24838
2621
6960
5713
2640
8724
601
25954
19293
14155
1531
10712
9174
8568
11958
9488
31662
4048
10740
25598
15716
13706
12437
16646
29432
29732
7642
25329
23602
1870
10484
1504
14707
30955
7754
29860
26484
31877
29862
12752
28330
24088
16608
14044
15837
13353
30861
6729
12996
1275
13721
29375
28111
26950
31760
26576
32559
15027
1174
23525
22465
8262
29565
3053
29534
5250
15271
9415
6858
16617
22994
8002
4656
12328
32064
28134
15855
21510
31163
27169
26364
7677
829
31675
8748
24831
6414
30268
20688
5171
24418
4438
9989
2372
20178
2936
12162
13722
32261
4960
11793
15688
18821
19485
28714
9314
25417
8969
9449
27549
15618
28033
3861
29393
17991
2299
20607
30502
30483
7957
28916
30576
21769
1337
2659
19413
19305
11283
5660
7226
16992
25485
18754
16571
6556
4398
6888
21211
13689
3495
31616
19582
13897
16619
30656
14818
26710
13028
3660
20471
30963
5010
32766
17004
7414
1301
535
5519
30545
32317
4092
15004
28178
30597
11705
7684
14742
8108
14332
14120
6981
26778
32302
2632
10723
29973
12981
18644
19604
13086
19301
4926
31859
22826
18422
19716
28409
12966
1302
589
4178
30613
26420
19635
26172
22620
28064
3430
9007
23566
28382
7370
13997
28972
12973
4662
17241
19954
15841
7804
1504
16387
28653
31635
25881
19627
25694
15132
11482
11204
16239
22686
23443
30771
11138
24441
8219
25712
14714
15341
941
9718
28113
131
11734
8969
29459
13000
6077
8912
18849
28863
4964
24917
10787
15373
22844
7173
26846
31183
18263
12823
896
11686
15717
7439
1906
13115
5195
7262
1237
30158
18323
7717
29808
16729
28622
26172
6113
13315
28560
11608
25106
31235
29566
6142
26058
21047
3501
8284
22553
10388
22119
3159
8997
15818
10689
23036
32487
15823
17999
27401
7738
9941
29567
17566
28059
32657
31243
26283
16097
7760
24278
28507
30779
2609
23543
5532
32667
13370
32128
14945
25996
28446
19578
18009
13350
2053
21058
2331
13796
6987
26189
21349
20182
21401
3438
14596
7247
5571
29464
1651
5923
18886
10422
27693
12844
4004
9806
24171
4512
31828
9128
21193
14415
21846
19535
5863
3577
27619
10224
30163
19098
20285
6024
27973
22224
6754
21618
2335
14240
18415
11678
19906
20774
3448
23036
15482
15551
1470
16054
21377
6207
15849
1144
20259
7009
21988
20018
24738
5101
23421
14927
10416
8968
27305
27700
28599
14744
21425
4894
17783
16709
15677
5305
2706
21752
15098
30889
16007
14479
29093
18573
2168
5356
3064
18407
30723
21739
8543
962
14674
10124
4073
14607
5884
4673
24784
3443
10773
24299
30334
32496
11696
16116
7971
20027
11268
31132
31493
17692
9174
26230
31987
28737
19417
11691
428
3034
14144
25023
24765
20342
15390
13609
10851
14739
5942
22053
4344
18056
17321
1699
23326
16965
13320
10815
22357
18186
23764
25869
30486
28780
400
30506
6855
9784
29689
16436
8510
15937
30680
5986
18535
28218
1629
21807
3299
30812
227
21517
32281
21122
10975
19673
18496
31407
14772
7431
32679
1175
16895
4900
17209
4771
12870
2424
12275
22183
14832
26368
15672
21702
25043
13191
4433
30274
5962
28018
951
3622
29288
30693
4354
25443
7056
16567
1603
28402
14283
9670
24647
30098
30913
2093
4503
4248
16761
22479
29491
24102
11388
22536
11167
19186
743
20832
14948
25539
16751
7909
8859
12214
14344
26483
10315
26005
20469
3986
4961
2795
5286
1036
24903
2750
18435
22781
9996
10867
23082
15575
18632
15576
11790
2518
7803
22825
26569
16383
25165
22042
19879
8315
4637
21419
25786
32668
19581
424
24640
27932
4412
17161
29159
12020
20394
16521
5113
23723
5150
14856
4767
6165
24299
23296
1349
28626
14394
28822
21197
155
25353
31673
32142
23059
31846
24070
11528
27430
1103
27366
23231
15711
29314
5311
22564
15300
8456
13252
16364
15408
3171
12009
16619
22152
31022
18627
461
1646
22142
23989
19561
24505
10321
15132
25176
10718
24437
150
27823
18824
670
18
18721
3334
28104
30207
10465
18973
6070
23266
2453
3067
5120
24229
27506
580
14124
25318
21832
26496
22859
3425
28232
21689
18689
14890
28060
28371
16496
769
1372
1527
5595
18479
6585
7374
28441
2679
3491
12371
16499
23003
10352
8338
1088
2929
8535
13830
16424
15723
30016
3849
22813
20922
4395
11137
5640
4411
27704
24553
11580
14264
14118
5938
3520
23316
31224
24875
5740
19325
19418
19108
2077
18665
18434
8495
2456
5666
1535
26681
32343
30882
88
29789
27239
13793
18691
3235
32679
21030
16084
10362
19872
11698
29671
7927
32152
4617
12362
7628
30018
10678
16150
29425
31318
30977
12945
10940
28969
17213
21334
10064
18808
19979
14453
15654
16162
22244
4562
9696
3394
24396
31984
22082
11015
25461
24326
20350
24740
29273
28130
11247
25372
11103
14014
4608
5430
6610
20795
17947
24476
29941
17473
11063
28256
13377
28687
24037
8718
28989
15564
13624
1823
28915
1002
30051
5323
25210
32714
28254
27216
10110
26645
5443
19925
10478
11132
22619
13918
18805
18761
934
24173
491
9314
23153
2681
20933
14343
7803
28142
4939
22035
14126
1200
20050
15899
24956
318
7513
6657
29790
218
11313
21516
31740
2432
3412
8914
20913
28084
27080
25381
9428
30002
19039
9186
10098
11894
17627
26118
11812
18931
29407
26312
23126
9160
15003
31181
21007
21969
11754
4949
14878
20078
21628
3290
10576
3897
20258
21396
5680
2160
5066
361
9785
20738
18973
16091
4467
5005
10548
16046
12073
24447
18996
7895
18462
12846
9935
10745
17365
21308
30675
28073
26782
29132
19313
4355
2228
5662
20610
4037
25777
18841
4106
1216
25560
20365
972
16242
6095
30821
15656
1662
8538
20884
13566
12789
20595
31767
1960
12382
28027
16581
2304
30492
3757
6247
18459
28058
340
8725
3533
28083
16875
27354
1102
13088
30697
24780
4455
7925
5622
17424
7930
3215
29480
11538
22613
30965
32714
23985
3743
17534
5853
13569
16612
17094
12915
3291
14839
12730
33
13678
6591
26895
20512
19429
1211
22791
18076
19027
2263
31715
18175
32712
6044
28052
3879
20580
24549
29380
19900
25937
5400
28681
8795
8930
28619
14790
8592
10533
29675
1398
20676
13808
32369
32057
27229
23181
23893
15783
24518
11675
9223
12240
3843
32644
20004
21280
28999
15472
26309
31168
16176
5419
11950
28520
15685
7070
11060
481
32377
15172
30594
22757
11016
19597
8559
12579
23702
29525
7791
10246
587
909
2804
3608
8299
23057
3258
5051
26999
23349
16593
31553
9454
32160
19403
9896
24346
28791
23318
12154
7979
17834
18459
29246
22512
25869
24179
23747
3214
31741
32656
28650
15098
17846
3526
23267
7342
5792
2130
30041
22555
16922
7088
7287
25417
19877
4255
6828
28832
25729
322
18294
16049
16584
25014
12077
25792
1988
32332
21934
16397
16989
30602
22880
791
8706
32415
29598
31274
27269
8721
16605
32051
14204
30536
28731
15215
8266
28983
20994
23518
1266
17978
12221
23443
16612
13754
12332
9758
25497
600
7877
32036
2174
22033
13764
23711
28479
26293
19753
20009
22302
6371
22617
24113
25563
16050
2067
27163
6383
12079
7956
3479
11068
10845
27802
22578
24503
26600
32002
29177
19467
4441
2772
3932
25975
16318
21842
10804
19918
22339
2870
28790
9631
12015
29964
13557
10618
8711
12262
21969
13694
26108
793
12981
20702
4059
472
15181
7134
13746
28996
16198
16259
21070
22859
6066
13460
15818
11938
10865
31830
12032
27737
1115
997
9766
26782
19055
26208
29650
13217
11105
16739
17179
23637
28315
6687
30967
1813
25096
6139
20242
4352
15496
8585
11820
19418
31842
28107
3794
32756
21996
15892
874
16545
3102
515
25620
12336
29869
9584
846
6750
3238
13283
20720
9727
11365
6591
32277
22584
7508
28882
22583
2005
23798
10220
9273
21834
23787
6022
6744
12740
21344
29173
9745
558
13805
26940
20381
5985
15194
32646
30476
18376
31296
18778
27080
6284
15908
12508
19260
2977
20070
10533
5965
32196
22510
26837
7354
31604
30587
5641
2897
3856
11630
26412
3270
24840
927
7168
30984
32112
24606
9921
8547
5502
3496
32170
2989
12737
814
11835
29990
27044
30885
19336
5002
29439
11648
2087
28311
12571
13305
28982
1167
9909
19559
5277
32297
6173
5858
12381
27960
5923
27976
11960
14766
27930
27047
15591
2437
14669
15252
16271
12479
13579
2181
16432
4491
14703
83
6340
26722
8332
12048
2707
8777
5891
16938
27289
5043
6243
31061
27342
23578
16785
19232
22479
23297
22303
26145
17832
9980
19788
10874
2204
31974
28804
31030
9771
2725
1901
8499
23980
22304
15461
22165
1649
21952
19408
18801
27923
4733
22939
22940
29863
19412
11715
11990
31454
23481
10102
1331
16525
25730
27744
30916
14400
23691
9776
10790
14820
11332
21918
23175
1553
29824
10785
29848
16148
641
24662
19161
2665
22357
25142
31811
22110
7238
12222
15770
4524
25827
29331
24711
21575
2913
31822
23003
19508
2377
29579
1206
21504
17480
10581
9883
10569
3820
23197
3619
5779
25852
11041
23580
9393
28224
4463
15714
246
21560
15012
12340
18042
30582
23011
7280
4721
14290
18167
27769
20243
24382
9139
4597
21625
10699
8404
5385
18086
29412
29813
10443
28674
1579
12824
17244
28837
14783
21698
30192
20203
4397
6817
20392
11879
16542
26027
30251
29160
10063
23314
22583
30286
17887
6626
2635
1175
13180
30641
29711
21835
9415
10051
11908
19688
28101
30282
6256
3180
25908
6346
13565
24974
25034
26441
18967
5238
24099
28721
15732
27667
24395
21324
28987
14875
21557
28772
20375
14269
7908
2202
26692
17872
18384
22175
6580
32273
9172
1130
11864
20624
21940
14948
21336
24109
31238
4027
2666
29564
23623
7450
28043
29316
9925
1386
11514
21605
15353
5750
22772
19908
26127
11572
2508
27938
2050
27091
327
18861
9856
875
20852
23524
11919
9358
6341
21714
31059
17434
1567
9587
29016
28064
26097
15157
31145
31773
9632
31578
17871
788
21515
16291
5664
30903
10759
3227
28562
27682
32449
9500
27962
29786
2615
1469
3408
30805
28363
23970
2878
1062
22428
743
31022
28200
22435
15392
24312
30432
14911
18734
2755
20344
9948
13869
15923
10162
18590
8587
29289
29743
24528
21228
16549
13066
13815
13788
19581
21626
4178
4735
10463
8835
13204
2578
22221
23827
22806
6812
4859
13764
15433
7405
21671
16006
20178
23859
6262
17285
3318
9306
19780
16829
19918
25558
61
32599
363
5727
21730
20681
9667
28780
29148
5036
7778
7281
28291
31580
23249
32472
3374
2898
30661
15807
20025
23360
18183
2167
10199
241
27175
23225
28316
15327
27616
14246
15049
16017
1098
6277
22103
12731
29634
2875
32706
19732
8345
15497
3482
8693
25471
27144
16075
29622
11950
30694
17319
14792
31702
9822
19384
10130
11467
8953
9288
22029
19185
29062
13228
27422
20835
26842
23893
23222
28134
16200
6804
7596
25744
25311
21552
31317
568
6502
18602
15081
18844
9240
2891
28053
18261
25376
26610
2655
14459
13523
14239
6846
28696
3247
29118
16117
10061
32279
1588
11571
9286
14028
19499
1644
25567
9515
4510
7413
12819
17961
6051
2274
23849
22286
1915
9759
28573
26356
11355
22609
7375
1023
32248
12394
19566
89
18389
20494
28834
2804
31052
9897
4860
6143
27230
25677
17438
21797
8506
15948
23081
9608
